训练集: data + 2
周期样本: 339
类别分布: {'前平举': 130, '侧平举': 108, '推肩': 101}

Leave-subject-out:
subject_id  samples  accuracy  macro_f1
        01       31  0.677419  0.562500
        02       25  0.960000  0.952153
        03       30  0.966667  0.964444
        04       20  0.200000  0.111111
        05       29  0.689655  0.654385
        06       31  0.677419  0.555556
        07       21  1.000000  1.000000
        08       11  1.000000  1.000000
        09       17  1.000000  1.000000
        10       30  0.933333  0.931217
        11       11  0.454545  0.208333
        12       30  0.366667  0.236467
        13        5  0.600000  0.500000
        14        1  1.000000  1.000000
        15        3  0.666667  0.400000
        16       14  0.357143  0.175439
        17       15  0.533333  0.446078
        18       15  0.600000  0.504630

分类报告:
              precision    recall  f1-score   support

         侧平举     0.6261    0.6667    0.6457       108
         前平举     0.7339    0.7000    0.7165       130
          推肩     0.7700    0.7624    0.7662       101

    accuracy                         0.7080       339
   macro avg     0.7100    0.7097    0.7095       339
weighted avg     0.7103    0.7080    0.7088       339
